1435324074
1237544805
196702573
1212584040
687149651
863743859
774964340
812946997
593384105
1954399880
1936150522
2012404335
1033244892
1152415378
1634663949
383451669
1066719909
1351445333
1240444814
740492916
717234608
1264690851
2019002363
398865749
1680060474
1029781709
1981073267
1582871882
504298815
1904778769
1032711624
1939622889
994839926
1229414197
1004723282
1681989578
2093158056
1779687622
347452927
539058513
1586603855
136119801
403979200
472365099
1288535179
2038643149
855816769
207771440
1242604835
2096261583
948264356
1959839443
1213468787
819783072
211221544
746045613
1849564781
44811163
181433848
206379948
1949589932
1214145472
2146002837
796946211
296076021
1003242471
331452141
241750429
635446446
678905068
780808942
74566653
815024869
1184788142
546931752
2103560048
1075947643
1402748521
163847840
171068830
1351526457
1112112196
2130908273
417511596
1931895268
194646169
1163557209
1633976401
239457332
1344991057
1840356349
41563617
411652881
1838875539
838509828
707728902
694634362
1169961969
949479331
1330080808
1848867037
1730288273
1404647461
516408258
767592767
1951579214
472484658
1843540411
1206844087
636332498
2014609241
410886896
1748444694
1998033867
828398492
1532856315
45196388
1991955702
1019349068
284653721
1189463111
712221770
326217338
1601115993
403613661
1164727166
161361247
1098248023
187205487
1110840579
280845184
2036072524
693645204
1685492645
404997134
1461237972
1489588211
877481792
1157294735
548948651
1513814290
1024420328
959835547
1114775336
874970547
1788234040
500148003
920166936
1632706094
1519497072
1204820657
674685557
84235194
1531037995
128317902
487848855
548281513
289679150
1586096878
735487000
1400519729
1866942062
624075876
2094164933
1404951060
1029073010
1407919257
747055623
1906554802
417730344
1296004274
1272885444
1442150673
108356174
240177132
169637572
1896590214
740325136
1089804508
1381812660
112338560
147141517
2056498217
196573754
1678179512
37332472
684422609
78977377
327011622
123035839
814464377
1727531351
1989977902
1438540253
1674212636
1247445314
320129615
934648246
1994500937
79200769
1352378590
1143021564
1352086213
647045615
1251377738
1592263346
816683188
1000484304
185104834
1906487696
234813316
297443394
2053629214
143827885
494017148
1584325078
181160357
1178439757
1663302456
508171979
1301475596
330283185
88219682
1143969850
1768823439
1762432319
243931516
2088953054
549596917
90948806
20670176
1901975507
1233970370
1372756389
401537475
337864460
817536087
1218220663
1338348764
1002640921
977224711
1573162080
1300084315
883370277
1716989965
1794101463
320211708
1898150323
825057572
1983514164
258838654
2126533169
166313701
347058337
1123019371
1935137140
2109490656
1366950888
1876606547
511603925
1457899694
1897276723
266095784
544386416
1122549464
667633259
882250876
1940085552
1885853922
73115992
795242825
715594986
1646278072
2095327141
1598965263
1215784389
1741944956
1919176971
966451064
419518881
1755207487
1225289719
398568402
1921521189
1572348056
1521587773
1709174681
1534355064
741055013
1438297580
2045958989
51471059
1188090655
164571125
595857475
163156472
832204385
1478108351
2103242024
570574659
1551224343
751001201
1286169645
1050018767
698844694
737651261
118319509
293306003
509344584
1084770573
712824884
117068424
162576644
1111393286
2038589613
1734924700
485497411
1600280646
1121796116
1226552425
891094579
1020271457
1278023484
2079185234
1184842583
1873880960
94858058
2017046968
1204505663
50616434
440137979
608246359
801617636
1726307625
1658265126
1500462330
316475238
1776584635
1793768333
825819822
713871561
359109569
942888246
876448205
1470502855
833994211
463889258
1956000267
286791210
1585685374
1035069044
1177885789
458473184
165608880
1109587375
1643315767
2039489840
1204445434
1512879087
1096511856
1255061868
1953017066
1704758215
2056679504
1531841043
1215539693
1409658187
1848316281
844640681
1055942872
526652456
1558512242
1415052442
1469540702
287476799
738071649
156051266
751366057
546588268
442842476
189567784
1581657312
1620728265
648040968
1747266193
582831992
143873087
1639272385
1787277426
1656752174
588300593
894855647
1462285592
145575160
804051503
846642988
1361114854
66226042
547475621
58271887
1122168915
1074128077
1616784129
389737709
396185132
1904260928
1127809358
552236398
508143338
1674397627
995078874
697711122
1108571291
468323491
1345752090
708353836
1051155483
1489625177
200142574
690949262
998893703
788443167
1585804909
313695647
934018328
242372764
1160338635
147649534
308598807
1707814257
205921421
1430767722
634458686
1822705550
1820505431
1030643818
1579482830
800831141
1582880216
2087626168
327745120
430475442
637853642
1436316412
898798933
1983605732
2144670248
1949954417
1325747261
197329174
493420031
177157316
985772342
2079224940
490852964
1919790670
174114056
1651191599
2067440204
482712863
1211522208
125877977
1913480585
1845980895
1948583527
1586502368
729141065
1380582709
239849862
164537634
1320725230
567594982
595013076
1958578872
2003911394
1493812010
1794700957
2001097995
1296282779
972964570
50943521
1789702810
1150121887
1036715863
1721444102
1640974851
809022885
1895558158
1144682802
728979441
230787374
208721363
854857418
2144267959
2054702258
655957297
1583286680
636359675
2036540007
1823136542
800897309
1209781589
243247876
1395910386
1020876813
99675623
742238748
668094122
2100773618
2038521527
1641058693
4233491
1680740689
643696932
1040949355
1254701143
137188135
1849972240
1002775653
1281870937
431468034
1233563027
1490592300
1286325452
1230347339
1397810910
1942282750
666150371
2034170586
1831339109
341803265
687584247
893637050
585051141
2083494633
1914513863
684726764
678249733
435124338
638016734
569287612
2076183031
642250226
102544653
572396315
1683199581
1357245796
709584450
1385688173
212537802
1991455387
1817156207
1446100829
1334564040
955998012
528964520
584891302
750797114
1195114891
471578240
434652575
1536918156
1159162488
1328289625
2121969298
1095173473
1095319840
659212414
1773423207
1530444178
1297229149
195227171
1459143561
1939479375
297771825
2031539876
1475195308
1655017621
593640678
713399833
1867555423
437612418
383072393
1166172605
1772176458
1339070405
1695137125
209584112
2089867519
742768369
681162353
377036446
132202877
1840324841
1705326071
106688527
788014666
653162263
765900942
413954225
36122794
2063130091
609181397
1495266355
1855125818
906953222
1379322584
1182837478
414487195
1972963262
1896237311
134558971
263092032
131826056
1300731576
2035268490
1470896461
848385053
97368955
1413280332
1591153422
778531308
1790316778
1723356300
471372501
1348159201
1830044827
1259387167
2001321465
448462121
1673341393
2037444259
364108564
135039142
1385226966
71750734
1041992364
617065902
1254588212
1456479559
442545517
1003341876
1591038530
705637549
1135167932
744286458
593422392
458580746
1592671512
690791347
1871861078
1036341286
1469322655
1514694209
612213938
1940695156
715369762
294775118
1052598675
569207579
743237239
578456420
459168190
1107345804
713495562
1844395157
1179096538
1755487926
313977411
286201103
1064483838
756522928
1289542979
508038720
1462160478
277227263
1252325179
2055582870
735808009
697513043
598890569
460185440
1733854329
2068213224
1974879649
198584620
1861424732
542765763
493359738
766539759
1111973343
1236596977
1344996180
1571141533
196459133
2058491742
1268053042
1375555672
1666496021
1582030454
1661756775
583496211
191069734
803816106
1091534931
1653230212
1081043369
196376462
1561329434
1816851379
893889505
12736355
129553171
480260187
2080949579
2104432820
678844807
1794890663
499714935
1172204545
413946775
1611688278
261317874
1758942955
1035346164
457777008
1669951049
155915558
1833332680
1188963422
1737946012
1347605807
1772459633
1929015747
3938265
716510917
1434762311
1084981634
912887379
848608098
754349365
1806776885
861344453
883902536
139553424
794810385
840851708
818398231
442217400
1340566644
1990602776
856164175
804771274
104437002
467623482
1840117438
562214010
2137574532
1996032997
248063042
1179054306
1586495361
1595668849
804030292
1368027460
1599607114
1520541209
655306124
537105101
285944940
1503914222
1291454466
2092721825
217775027
27873355
84791601
1012585412
868725063
903189832
1454802813
61808059
746308960
163483340
866579334
850745963
631106823
559213124
1412959973
621197707
407762473
1661023016
1800252013
1994257835
1109208217
456798657
1214801647
561331684
1977339866
1870107771
1098436785
115801159
1226538345
242407603
61039336
1444313373
270280958
145830938
309415137
1139006022
1049020770
1764217950
1200814081
1795329731
1927701291
2067393415
498592046
411324466
479122892
1911552019
1032522173
886885365
1425091387
685290538
733659552
386815957
1142089196
1948461200
948147641
971945414
1671085323
2046584426
1087746573
750140021
141508381
1148785910
46969746
411789340
1294616848
356384883
1550795362
196153970
2120602834
604125795
1991483701
1900820477
524035563
342592099
164661295
1003158455
106660471
1197183468
1890043820
1531751858
1882474006
476219725
1918567815
877079554
277197277
719231808
1849024969
1948282600
618332586
789287894
550938973
759840968
1938073804
597908719
1171630308
1085207004
954293603
574942022
1281360975
927412789
1179067817
1125361028
680749618
1703103380
1467953128
845410913
558778187
1574613599
2042594381
301338360
958881809
1777584739
777558085
729965977
507180646
1054755362
1449197785
208721967
855554314
2067530372
998009861
1406493288
679887692
788600018
2004402007
1851518000
1873807022
811211962
278976374
1007684349
1738624751
1458044191
2133045378
271890721
1013663924
1453514858
1117301634
1572442111
880644809
1012412367
1873780471
1839526618
642513459
503854908
422008947
1149694105
1558610270
1871206733
1358416072
266680937
1791253457
208942285
1673174225
323657501
997542303
1530092584
27691853
723865678
193820899
306668227
1731550027
1932445650
1764712418
1717111757
56852724
630892694
1023142967
1174154358
55851158
1903787776
39083078
1929631629
1595830747
681596537
286002890
2017839694
1831290642
1844613160
1741562779
1042223066
2111294097
1385332588
1251165351
1636984674
1708990089
101224007
1019593611
1736681942
825089685
1213414510
2043350169
409156064
998376512
1660578940
2126267822
1055229236
143987986
1001927141
81899947
199839144
758231270
120983025
2129470774
206578369
802579562
267990016
76934415
486386556
2112603176
1818497195
1528609622
2076413626
1056346135
632291325
1565914652
617852577
733515332
438024615
207050871
1558605017
1651439125
102917393
1967761082
502331990
1763496333
1946545256
1557561226
