1264483763
1268605521
357796625
1109854058
836147504
1691593355
1411355856
1616523531
385552179
1983777023
1431062545
488244630
572735047
1750962914
513494208
422726343
281477766
1626612719
2057602937
297021724
1611776849
1630676395
121854162
1275291690
1193681873
1795980039
1952605049
1176995074
1854827357
1743321783
89061819
971827472
864443657
446858444
2081681530
1700591161
2138451800
1345553738
1169631044
376520331
1181847114
453209941
864764961
1754582161
56689207
1378259169
29824856
338166974
857388240
2087427793
635188698
321681442
1570620541
757042861
1596973132
616818766
405539252
1402094533
1793813841
112882962
997932669
1882875660
1084710434
1862376326
182250456
1018908317
1415483839
173218608
216978407
437631235
549738939
1398825521
890841176
1414503901
1005924034
947530383
645279422
1035748890
1285697357
1502667663
975693036
1920886056
1824349105
398829929
530445269
1273838589
1015648695
935984521
528449474
661978888
1048867483
1526382143
397370900
2133577918
1241274821
579621357
1005002587
509275012
752839965
1221980994
946906247
1302578905
473322868
1837747423
569599158
1479246902
637794159
1214878580
367512145
1923491516
570062595
1343205181
1696893924
246928052
1742035110
79855545
1520766641
610200157
1015840067
2049216116
1272179046
2064707550
1428114611
1669549946
2050801820
521905785
101687655
908320759
1031180797
854527621
2130301754
1978087045
9622878
456140974
1668350820
579222036
1935387876
158661331
1794100616
155416373
2082152848
216679564
1498621554
1631563124
463607616
1093173016
1711418670
1984374258
1703373174
579775089
1886106726
828068572
496998991
1166737689
350134870
400317164
1688643474
451822526
1308637923
572340624
1306350147
1291456029
402944021
1315973025
1747597003
2071294841
1895195061
1535501232
82472525
1541812029
1690917605
17141725
1758491593
1042055512
1648704849
74615562
2135228528
1212639871
2058989820
1691118054
1792414960
1797612898
371702978
141930304
816866939
721837849
542247468
358026766
1173660375
1850885391
930367390
332526874
994857773
1333311411
1648499899
594971128
1257122604
1396211312
2130472360
1339595129
790539693
1673906318
1356736854
401547639
568478182
857958056
476163201
556223062
2070597927
387669373
99857469
1715529240
37798623
471560447
1857459544
854665562
1193398296
252223364
1212692328
219575023
2103108755
2143059718
552101897
950482880
1328887481
53118148
1545454009
438526438
1449329460
1528442721
1778121567
92385506
1054865391
987374774
493933145
1623343573
1845332830
970096346
32082988
1768447109
1357765719
131940457
1336492701
1395564342
603500904
1046468597
102746256
1796899201
1298691961
1315438585
2016474224
1254317069
1311014655
421092474
57316301
492418489
474210622
1602770310
930944927
1923540083
983729384
561582846
2015925589
2038594775
1548957620
362375086
1514454701
1246806802
1332471432
1546537689
867770264
542753503
1678478146
56779317
1938317845
134495402
1103247915
2041064101
1931394603
254456228
1209019038
1800385180
1508773297
372550046
73994006
1566089599
864968535
548204628
1021376261
1795913462
324261063
2005105645
210012660
192703004
1896216773
1758970281
555078090
1263187826
858293435
1887549522
662241867
1726063699
282819377
193236365
1782843017
73653574
327731767
738607284
2114717676
111642723
993063512
1176253066
1912027903
354353162
1548803112
1986021909
1920442761
266287999
386742889
794335374
2062201461
711003953
651957372
124730474
903706957
400690497
1883700755
1458785048
1663878323
594510542
1198850922
178636542
173090594
1481670300
371872907
1955933611
1555323874
699604674
547057247
1522557902
811247397
1540120759
551327321
575791652
1894473921
2100130433
414329913
1667433034
218934785
801072803
314284761
133652598
1512076756
966242133
258383072
268300065
1366932630
2142083827
1727085113
883327305
589110722
778452388
1061963847
762201316
112639040
1433836754
570651279
1667962914
2133441428
1117708526
1043037169
797205178
510345637
1594364490
1372996830
257335911
1547011275
1787326744
1924768945
1765946060
440915899
91570058
1899598659
1952992655
1057812191
10498083
73809072
277261173
5098263
1800894186
1160588478
594208985
431862926
75068677
1356410301
544501966
1508905431
1927061580
64981232
1494863212
897286458
1108018401
144584742
1407632095
554899243
1517581572
1664968006
2101910519
1157424668
1442253304
1720372931
1598340567
1533823362
1472487942
1403849574
444151906
1482986026
1477658647
721413079
1488084289
1131069185
1882001558
2082293274
1562932111
1957070235
1291219927
2107434077
1318492019
1070797859
24931661
665871583
1968084317
1132950063
810456325
1228232764
1687849306
180554249
745717123
1642276177
1337978918
40486779
1215165461
788835837
1574310141
540169755
45201764
2018462047
2023155781
1522860411
592391479
1363756422
506445948
326909389
1298566048
2069378059
136495976
442302327
2029328488
1454987995
1513100186
2054260149
2120859578
1333700855
1039726564
783832255
414449972
580092223
964386505
1160167095
74884752
154881775
1200653874
1290050213
943717612
627480367
1830219969
988919376
498458767
1705892102
364296139
1090850246
922164877
870742087
1417759635
73247277
792636498
1554255611
515549605
674481338
861759959
2028649791
581257840
835135889
1214866999
1620984404
1618968145
1629316971
53592979
435871002
642000418
128477732
590752777
1842654292
1418527945
1534470389
322651011
1101264266
375906118
821109778
659672721
740202257
1911960024
1581837598
1610944345
1182236011
1655084875
256097195
589007975
23150832
930578534
1450767934
2051800624
1511836374
138420175
1119183975
985337130
1757388320
601017298
1038930110
45775674
1243017716
1167407842
636528451
938188360
438452139
23515193
1260839371
1539716406
399421311
2081949150
51905479
1139623568
1846425526
1633743077
603084265
881177890
1141344304
859181461
1470185865
1164495137
1789759995
773470151
1068812113
1154112721
911890326
40512440
2139449851
521794999
641529738
1030896313
567570673
1884547454
50820507
1204099125
675252166
489272647
1227614318
1936091537
2028989053
1627035629
1870557039
2080894532
619175549
1569498918
1567153961
1222259815
303193160
561014617
2081441276
1773379025
1725509754
1723717623
399365528
646838219
730346696
1311255854
687350659
722312899
1833050853
1328880397
1753209213
253137879
1065944203
1804029720
1457237004
1741196369
145818719
537367674
1529804259
27324124
16919655
1252877650
2108218656
636095204
674892920
1527888969
1858355019
978086080
2088903587
1792312647
603981457
1666929693
1368546622
1003346985
166284265
2098893318
167119192
853634924
673722570
2000170045
35031674
279448135
105824276
1100975877
2083477855
1563061280
694688599
81812927
2100428954
77009210
109137051
2117348609
1329886860
69872060
605960166
2004779781
1597761029
316831537
835382213
1539180968
2109144185
1439363671
1058627014
1330207159
295227008
1224911279
1281616830
462346200
2078546203
1955339400
315032598
2113577877
87303887
420856874
1067070107
23298094
1983918155
1761758706
105111021
1936863461
1838767916
214248073
1906728423
1021171128
284120133
365204941
878467261
1881881162
682036478
1713849475
1273578483
643697015
1005729498
184721849
1973904175
1300956506
1409633128
1108037357
1763302707
1340695683
915893109
2078335305
1306789913
1003196996
351708531
226376372
1026495090
188143038
1988135078
1131606112
2125006500
1679419346
1345854185
1884251275
553106826
1629974318
101972568
1431574088
1364371832
784009046
997939915
490466667
1427706062
2003669413
675188516
1254126589
1157142271
2084821644
214680298
772961330
1278033680
1130573407
703812987
437339945
2133770403
1055521519
663716317
1012781845
1243664557
504367747
2144387957
1221187409
36303445
1342758494
957955036
589410271
825249164
1059927604
2020984359
42137349
1843936651
871440626
532604016
1124159065
727626391
1207792533
230802006
1884768663
1145130529
445482304
510246345
275680561
1576055711
1214059333
713020506
1562342466
122097204
1376736823
427640663
1365761761
1881104570
424544973
439465523
1917408015
1767303467
1397420559
359334639
445068984
309864516
232835350
487206333
6317519
1104275977
1019810349
1130476584
1831902368
80119234
1361278590
1569187383
1225249764
1806760894
2079433729
1500930325
1235332957
1146009414
66467184
650191775
1268106618
1443204007
1077832438
486384731
1176824930
1502377411
925850254
946749297
1122197231
175787166
1306083936
1567266215
485651682
1538919287
2054472548
491969201
495711616
926799249
1622445785
180130336
1006918484
836240727
1749317720
84684600
495517973
1681267801
1585614925
1730850930
679793567
1652082109
233559057
1947900185
947802469
1311391495
286801268
2124627399
666285259
1212651523
923893048
1788482490
1388438689
82493337
1208265057
1874090371
1621412624
1115253957
218575924
2117124240
2042053206
1841021709
149770928
901488042
529778788
1899088648
986172642
1025296761
1432872801
424303920
608664043
2112666368
2076386029
842223100
1913082905
876704850
6130947
52400526
853848601
672416206
1265052049
1777741650
313415048
506007090
1860234987
1521680105
232613813
1334163963
489450414
451189737
1303804555
384019973
144727798
1453575483
1285508015
674506586
1205180484
124197010
1699803347
490569637
548500930
160983742
455752358
477403311
1003206842
221351615
1354108162
1009337789
273752141
60473115
1681753996
1538804190
1838214765
1995169044
2044811280
1550966104
1369365502
129941445
737646419
1858815916
581131182
2041450974
95352241
725858980
1347542810
1380860257
1400365566
405239646
1505057267
952685265
895809283
2053558197
1113669007
1351561641
383477860
2116875849
1572913257
1737586022
978729991
1846665398
1798059138
513000339
1237985941
1488790255
360685735
1135313573
892272712
1730051237
1265255019
1629919131
1441383506
1846386201
1523886458
1536735747
424761534
723945620
770112356
1825127100
1129185266
127685975
630328718
2024994549
33760524
1743997725
1229072543
417238385
1713389927
654502152
7340759
544636270
353683902
1805399897
1057636609
1591669843
1146706505
1418322344
579499769
2038979217
1000889934
1844754788
1521414700
294789792
1543657341
897817510
1831525539
1968418875
1621763130
454154248
1646062328
603464748
581840223
128907398
480975650
615600748
1872905123
1710048193
1032839133
1438811402
217066697
1040179892
1983447672
570750599
698096142
893600633
14936795
1844802647
164439330
594436564
1736298216
1165329264
291707704
1110229268
1460119056
1835365045
2008046779
1144160947
1656300273
1482326261
1598315195
1154878953
2085791010
32671771
1283786351
419283012
648272519
1009207826
2129331205
1681111652
300535581
198914254
573807896
136499605
769664853
1271904038
1030100239
