867932990
323323575
635061338
1218844252
1835774079
1379751596
208018503
1378918960
43893345
896155050
420634711
1168563220
1792505657
1779326775
1472256009
125239752
709614892
1266562024
247627777
961138541
1132483660
253827255
1702873262
747100940
463755325
1279424826
197768850
507075774
1624416838
493567604
1003384330
344866180
816891179
1638445668
1563710433
505181610
870713617
1771728936
1884100570
914606962
520400338
157251633
2083170182
165422347
1936578409
1407942544
290662100
498709653
527020920
538289877
1459848194
1659504581
792117132
1015237808
259121873
1255872457
147178986
456890723
1762948231
1771595824
950458327
618848913
2116462004
1767349506
109810934
1532688789
125047469
980524551
1156934078
2009148039
1895131513
1677334416
18916025
1830818047
1842756764
1955494434
1091276943
2133418864
306720439
1618297864
524225093
1766568633
1130318797
1316342225
634322793
1389440670
424731034
781501779
1846331393
40195618
405613955
649306073
659044531
374592311
269171931
768855465
1907281101
394219400
1749380016
916731531
255883792
1497027881
446582299
274799817
1180362281
141855415
82810603
124155576
127790631
389531042
1742453440
652015724
8616027
725288589
1968357949
642938820
2114729259
245605336
1424440599
1813577005
285800954
1830054554
315399430
944845485
57163217
584571361
1713700951
1964444318
978790762
1315597319
733692201
1234674554
665141553
1180274501
1509474371
1845503834
1322129916
1592284974
1969659410
1449920548
1981816016
1564629203
2101936272
1990432043
142434144
1922810574
485887215
109679756
20932262
1910327814
1923256761
306733216
1592898720
91172543
1251578701
1650061937
675743904
817796004
1467022608
1654534666
2133393324
53231161
741725572
651051229
1233505662
103716295
349071415
408151931
1696001269
171247177
1858072479
1530333637
1735876380
1812525103
1373282032
1878310525
1587852029
1859169247
1987990281
1608784291
1622013413
1763763394
1915517507
1067428485
1854935937
1019612561
570006775
383196193
1837408565
2037029383
2037730860
1823318241
2090260544
631972784
326885822
1176282559
735689080
675957237
1584434490
284206701
847204415
1295023321
1814540339
435597147
960064776
1040338723
166424024
400433158
752024323
6930657
2009217449
226554088
1770694051
1777251309
1293982574
1478146340
649380222
1863989349
1861342534
339305139
1753535084
1751589746
15139733
1696311980
236078882
342025555
725110891
971767962
1017982793
162061733
1255974664
1865187208
1457085054
923031355
153300707
269666183
1963370078
319724732
670099341
567910753
326655389
531833142
794464842
2097349441
161600803
2088447416
1428012133
810981025
1804953117
1141871019
1150286165
1411004553
745977117
1165425898
959832885
982056000
1507451453
1684943777
1953823962
377950598
1847005510
1062314978
95654158
1156606917
1985346333
248954866
1426273100
1801232764
568679598
2096372441
221659869
895334987
480721935
1016124711
845200780
642322739
957088479
125729266
1453303764
614557948
1267600285
456106281
2025562501
2013577403
1621532179
837911739
848149755
981499985
375371868
654490069
1359450583
74893730
1716805048
1455104742
1231500647
1554667733
1704059608
510290099
1208416849
125255558
459178892
1430076719
1020590545
939900828
298717782
1865791326
1582223567
1255806262
1991520592
888043683
1870364210
1111637229
1344149965
1748443064
977730984
818198496
438871155
1825880739
1799698481
814243023
332887161
1011665417
889136753
2049692209
319286511
2120637401
1456876294
2023346119
483443852
517809496
1118029
942622745
1947886215
1021708574
1882523573
99120349
740016252
1317263492
1354926611
584053196
57823527
1077807174
1695690426
1401973492
678766590
525937762
72688341
1117637745
204334854
1872386822
1931880768
537222015
736568591
673533873
439430576
1055855102
646687626
1896306870
931717573
1130131479
266632718
932835602
2072754224
67035285
1954544177
1807794149
166155635
547076781
977573993
1521082246
1131129978
1035397520
451405772
679336756
289887365
1130172362
1205274518
362575706
100326459
1409609372
87478880
2032207227
1946831387
824047472
558257453
238778315
1879902574
1204945079
2135085186
664136500
187592910
254234256
1596972102
112863486
321269542
1404032631
1920657635
487425177
1951109413
750747980
2008507423
934755743
1786145501
312429548
1614092499
2076032866
1442601910
671883369
291124924
1542928370
2081492742
378603804
1427651949
1880840481
1202651276
1985909402
2119618797
935070203
1043370834
2107220335
1599206703
1230963744
213970943
1048695157
1343827231
535240485
305244141
1117001218
1022665662
108869906
1867749199
883689438
1043625649
1506411052
1196118986
510234500
1434960270
491237248
1182117869
1726085194
2034165618
1116126963
2104688998
1314333920
849483797
1159856627
1152759674
821618946
2094926830
48646860
781355633
1546649885
1279610605
995326576
447861394
475954188
1530567062
753105535
1592955406
405749076
861975441
1313220957
1289438514
1905601090
672148361
338073852
268351942
2107108631
829311101
1450469812
1685710177
715993071
419113127
1642915528
2030326991
1268596924
655288507
1035603018
2090215870
602731689
1084249878
724087855
1897926
216376835
1719414432
449759320
692331023
1102497846
1202864856
137802782
1508246922
2064840297
1451023739
650201789
1822957740
2123172101
988275641
2091309682
2082797084
1817586742
1394295846
1621023614
386096166
1813408974
1116455494
268939509
934522250
1771744001
1304542527
877254473
226992042
241308758
1601342328
228889968
457685593
1173273112
678649288
1150016617
128287310
1881514144
1287819399
1636534233
1798870794
591359490
139252374
1474344886
567047943
1127528015
1418170920
502361380
797631110
664983119
2123384994
1183727276
330908445
1092356840
1452666785
1265430695
716617193
609725665
2142685168
943609235
851034423
1596543849
1172499203
1308720016
622333313
1851148491
311252985
750620624
1585178988
1599072384
239671209
1236566134
42948227
378923583
563427372
609996170
1506451598
1981598292
1112357550
156599060
499097763
1088258896
1340326336
830006208
33132088
645509474
2095436904
749749281
1255235139
2090638424
1693358516
2106269562
1539698625
718374071
1267505930
14548291
422038915
1578758916
765168915
2007217903
1030347652
1004840124
1096300389
1073295879
1383763707
1659727761
1683292050
742731657
1493842405
648165952
899330718
1992940169
1736424849
92173406
675462729
1769556937
737682880
623415985
371822571
1992918019
566570762
2065181087
1951703933
2106269387
636071511
1071726216
2120817678
1058110426
503001484
738502945
917844681
1533349136
1743343069
2014145070
459161368
979623128
1526389183
2142453418
1722354786
872747940
643135722
474201856
718204461
232076923
566375262
1393667191
2001633861
1304058143
2017083176
225972784
1149492514
436170290
143670223
953712800
394956030
779741734
2025439016
368290060
1837852160
380956852
1106793006
608213193
1914305988
702652427
474874615
225983708
1682275556
2001263798
220953478
1257146694
726528091
864089201
1731348550
1444732552
1096166124
150240164
690916095
950316337
1454298307
560515624
1176289121
456307174
996685914
1319959345
1410019974
1391641944
2099701079
1287975342
1759932005
1790069592
1668932194
719241363
250799137
1435754534
1421893790
725673753
1661738243
956685698
579453903
1882691721
66348744
1305981994
599297274
1797697294
603230899
1695463399
1947937459
1294146994
498296088
1254752118
1854662618
1674585210
1711059292
703864885
847060907
973595618
2095506829
799278338
114087312
1707955186
441864282
1783019506
279712901
692663420
1071290393
1701606692
1418337173
585544988
510808742
1997791076
320753061
577157487
1156289423
920050336
227371133
1759520322
468030087
27824944
906183668
966326175
1282577063
613362639
493427737
846152707
1317227524
1340488644
1819748326
1265250705
2139766983
1933835638
825722244
434147617
1569371497
1105435145
1126811037
493178242
659558189
397664562
1078723230
1170366932
247971991
1399476291
1747524419
1404261414
172042979
1974895552
1016298088
640073066
2002720497
1922481756
1606399242
1137813912
388360747
2099826979
1983966619
1705588271
1292831976
1656231297
823355329
1285115311
1442583288
1649077573
1719262928
864471137
607029070
698590318
1357649379
1266587260
1096254880
288888961
289470544
1344226871
1688365252
2036994963
601004637
1860408232
1864406867
1617302725
352997650
1719643716
1392300834
1959396892
709973980
1780661581
1911740224
546456952
1338766205
1057088552
55204601
14637886
194720215
1497787889
1663715459
1913983143
214775378
123260881
465089813
1572424757
1389848141
1561344694
1861313718
1679318685
758087917
1402195323
1568830000
1359092555
1115119907
1285753220
828911632
1468117557
857913288
73728818
1280030802
1567887269
1854390400
1044287378
2114344221
1045672957
2101375930
22065174
1060310843
148612497
1519853064
576542654
2062595640
1734628442
699803535
380201806
1159569552
2089651677
1941546500
873399622
1621486714
552150769
128111297
1042833067
1911243324
1243231204
181102639
592671309
563865114
1039015927
666400127
1843895916
459419548
373306879
740699646
426280121
1418979836
694591928
448345296
331807031
843204425
1968198360
908349685
758316417
1555343154
1608153221
1138518223
567429058
1550321250
932581075
1440828681
1024324316
1484731845
1568939978
2067157383
1248491521
664687535
100776374
1841162830
1228552649
1139792302
360079310
924964917
1599211850
733386189
1665664563
2025491972
4882378
212772843
326353620
336689409
1055977268
147068332
1245039095
1814293685
1702411486
705708668
805328261
122356897
108546270
1737909336
1563185578
1132870586
1075157533
984641908
1052544322
176165407
1649329443
1153320696
2017328237
730398444
145629350
229923899
1655363361
1744841201
963310089
1173544276
1622849525
968192467
1386317119
1949203145
1304881876
294810739
2096271477
402437323
2109104425
1651199315
1108145991
766949038
1773556212
1216692261
357374726
1189258142
202079200
1432532260
26416403
1254623522
1608697667
1675745846
260460570
1478542256
258660643
406089921
1708466156
1914024004
3447474
524292597
940084633
1626296999
1492485064
178918104
1428016496
649883292
473728844
1376804325
1052320616
435349621
880519992
12982959
1202298659
506592557
1229675221
1559673385
1695850699
1431754421
844721997
1722267102
538894295
305936016
1250529301
799354865
1784478273
1509189944
1205444786
1345460781
1275730300
1208892260
1869753378
68331285
687705611
1214754794
247249390
2115722107
1864638086
720978234
1345042784
769475054
1156327855
78079129
782458014
211142866
584671686
2012133235
1770816251
133038737
1296404008
468054601
1855305840
1835298303
773990617
958351493
487169520
410985242
320057789
1692614307
1756446023
